-2.65 1 -2.65 pln 2.83 1 -90 0 45 1 // Benches
-2.3 .5 -2.3 pln 2 1 0 45 0 1
-3.5 1 -1 pln 2 1 -90 0 90 1
-3 .5 -.8 pln 1.6 1 0 90 0 1
 0 .5 -3.5 pln 1 1 0 90 0 1
-.8 .5 -3 pln 1.6 1 0 0 0 1
-1 1 -3.5 pln 2 1 -90 0 0 1
-3.5 .5 0 pln 1 1 0 0 0 1

 4.25 0 -0.75 pln 1.5 0.5 -90 0 90 1 // Flooring
-2.3 0 -.8 pln 1.4 1.6 -90 0 0 1
-1.9 0 -1.9 pln 2 1.2 -90 0 45 1
-.8 0 -1.5 pln 1.6 3 -90 0 0 1
 -2 0 2 pln 4 4 -90 0 0 1
  2 0 0 pln 4 8 -90 0 0 1

 0 4 0 pln 8 8 90 0 0 1 // Ceiling

 -3 3.75 -3 pln 2.83 0.5 0 45 0 1 // Window
 -3.875 2.5 -2.125 pln 2 0.375 0 45 90 1
 -2.125 2.5 -3.875 pln 2 0.375 0 45 90 1
 -3 2.5 -3 pln 2.83 0.125 0 45 0 1
 -3 1.25 -3 pln 2.83 0.5 0 45 0 1
 -3 2.5 -3 pln 2 0.125 0 45 90 1

 4 3.25 -0.75 pln 1.5 1.5 0 -90 0 1 // Easts Wall
 4 2 -2.75 pln 2.5 4 0 -90 0 1
 4 2 2 pln 4 4 0 -90 0 1

 2 2 -4 pln 4 4 0 0 0 1 // North Wall
 -1 2.5 -4 pln 2 3 0 0 0 1
-4 2 2 pln 4 4 0 90 0 1 // Wests Wall
-4 2.5 -1 pln 2 3 0 90 0 1

 0 2 4 pln 8 4 0 180 0 1 // South Wall